update/episode	update/cum_cost	train/reward	train/cost	train/length	loss/rescaling	loss/lagrangian	loss/actor_safety	loss/actor_rew	loss/actor_total	loss/vf0	loss/vf1	loss/vf_total	loss/total	loss/entropy	update/gradient_steps	test/reward	test/cost	test/length	update/duration	update/test_time	update/test_speed	update/train_collector_time	update/train_model_time	update/train_speed
128.0	562.3546876829583	-311.36999465706805	4.290081731199947	86.0	1.0	0.0	0.0	-0.012885665347491162	-0.012885665347491162	5488.436399459837	2.4350645467638974	5490.871458053591	1372.7049784660333	11.275926463305948	75.2	886.6923150078061	1.2648651949129999	1000.0	12.655210733413696	1.3735294342041016	2912.2055198750218	10.388360977172852	0.8933203220367432	1838.6443872912164
352.0	1561.1474396392991	-338.012281791052	4.732743674305171	99.61538461538461	1.0	0.0	0.0	-0.00879597909140739	-0.00879597909140739	3606.4988725934704	2.7051732791321608	3609.204047502791	902.2922158377512	11.186272539411275	197.23076923076923	901.1209610369995	1.1385731269838288	1000.0	26.485321283340454	2.7382516860961914	2921.572199013327	21.9386625289917	1.8084070682525635	1750.4896690421074
552.0	2461.9739219188923	-399.55474967410316	4.62165898335843	118.99999999999999	1.0	0.0	0.0	-0.011444828742573018	-0.011444828742573018	3805.4696749173677	2.103854778103341	3807.5735301482355	951.8819376627604	11.102969163503404	345.0	863.1062226200943	0.4963956973515451	1000.0	40.572102546691895	4.1610352993011475	2883.8976689323977	33.60588788986206	2.8051793575286865	1772.208421180627
752.0	3365.74551625337	-325.53193904407016	4.138444365493692	99.46153846153847	1.0	0.0	0.0	-0.011297705429348204	-0.011297705429348204	5098.904618207145	2.0640461545656694	5100.9686710133265	1275.2308695176075	10.98095579708324	504.00000000000006	706.9601891887617	2.410465205932269	858.0	52.16969418525696	5.537705659866333	2787.0748190637023	42.94739055633545	3.684597969055176	1828.7446599787831
976.0	4316.636171590868	-288.3066822725259	4.1394095115731036	88.93333333333335	1.0	0.0	0.0	-0.014820626805809829	-0.014820626805809829	4393.626359727649	2.4127338404456773	4396.039101494678	1098.9949527316624	10.88789510064655	631.2	907.7222975126965	0.9097953620366752	1000.0	66.5332133769989	6.921482086181641	2807.780148531904	54.9924852848053	4.619246006011963	1790.536823687958
1208.0	5112.935643478723	-306.15431299520304	3.0352575769887027	94.57142857142858	1.0	0.0	0.0	-0.012382316376909834	-0.012382316376909834	3837.4191962348077	1.366578659456637	3838.785777621799	959.6840621100532	10.74502967463599	779.9999999999999	880.3461270175808	0.07418667478486896	1000.0	79.62155556678772	8.320243120193481	2816.504236892426	65.7576961517334	5.54361629486084	1795.8014460940833
1408.0	5826.243743527428	-386.31897063579845	4.114867016922786	121.27272727272727	1.0	0.0	0.0	-0.013422669242359249	-0.013422669242359249	3429.894613165605	2.003241141767878	3431.897844816509	857.9610354774871	10.60876698242991	938.5454545454545	189.5356475436141	2.7462624076142674	321.0	93.53838396072388	8.98932671546936	2749.7053764286725	78.0505359172821	6.498521327972412	1767.6246769550849
1584.0	6591.662564714944	-385.0975763699294	4.365355353749527	121.54545454545455	1.0	0.0	0.0	-0.013364808426201647	-0.013364808426201647	3108.6879094441724	1.6128303565912785	3110.3007481892882	777.5618222554525	10.494029058350456	1078.909090909091	54.80411658026587	3.2541665378957987	138.0	107.08487200737	9.302615404129028	2716.655360038087	90.35946106910706	7.422795534133911	1748.0369745765784
1792.0	7458.119942139029	-265.7102208181127	3.782814379542803	84.80000000000001	1.0	0.0	0.0	-0.013252912224954182	-0.013252912224954182	3482.5896240234365	2.554088214039804	3485.143697684152	871.2726693289619	10.374302625656126	1223.466666666667	13.291459801328557	2.8823221530765295	66.0	119.62529706954956	9.427178382873535	2708.869925108595	101.87530636787415	8.32281231880188	1736.8536076754438
2032.0	8265.7682055842	-247.79392576231356	3.6889295422263486	83.99999999999999	1.0	0.0	0.0	-0.012009979911308248	-0.012009979911308248	2727.0039385114383	2.09181606897286	2729.095751081193	682.2619260515487	10.279035588673187	1354.6666666666665	9.964753017758824	1.3240004476392642	47.0	131.45516538619995	9.518163204193115	2702.8324108444276	112.72405362129211	9.212948560714722	1735.904575413897
2288.0	9277.960680776298	-225.27452066771096	3.9314008863165166	77.58823529411765	1.0	0.0	0.0	-0.011472485098999195	-0.011472485098999195	2379.613815307616	2.6340928594855697	2382.2479140337778	595.5505041234635	10.1858530254925	1484.7058823529412	53.107475231148825	4.523297251354961	93.0	144.41270804405212	9.759911060333252	2674.204697015837	124.5253677368164	10.127429246902466	1729.603879139324
2560.0	10408.834416982116	-215.9641110438246	4.030195999825778	76.94117647058823	1.0	0.0	0.0	-0.011331541164249628	-0.011331541164249628	2420.961997537051	2.4962923855466017	2423.45828516343	605.8532414155848	10.060740884612587	1638.3529411764705	28.6356581046771	0.2948640989197884	54.0	157.1135265827179	9.866025447845459	2667.6395818285205	136.21212363243103	11.035377502441406	1724.7695074117157
2808.0	11289.940480247398	-238.75956213253778	3.541224007441737	90.35714285714286	1.0	0.0	0.0	-0.013674520803906949	-0.013674520803906949	1923.9687410242416	1.848100530312341	1925.8168487548826	481.440538967357	9.969652912195986	1761.1428571428573	357.41544657144925	8.137100827101676	499.0	169.69424867630005	11.037216663360596	2565.683076060752	146.7429392337799	11.914092779159546	1728.9432212347729
3048.0	12298.66178488167	-199.51000648065715	4.353492427866968	77.75	1.0	0.0	0.0	-0.01229812877007359	-0.01229812877007359	1917.0032262802117	2.7686909534968436	1919.7719249725344	479.93068408966064	9.860230892896654	1900.2499999999998	27.658118077126403	1.413589098257944	60.0	181.2144112586975	11.16842269897461	2557.1202639583157	157.26616191864014	12.779826641082764	1731.0376004348814
3320.0	13330.49764659309	-177.6350133566856	3.600897220859136	72.94444444444446	1.0	0.0	0.0	-0.014003169145996539	-0.014003169145996539	1715.1683527628581	2.4460058771073823	1717.614356146918	429.3895847532485	9.747827053070072	2031.777777777778	506.79908379602966	11.280910033383407	722.0	194.93462109565735	12.431163549423218	2529.851680815443	168.77817940711975	13.72527813911438	1728.756289014812
3600.0	14405.558770143069	-181.88987969431582	3.927192927586308	76.35294117647061	1.0	0.0	0.0	-0.01361196419746665	-0.01361196419746665	1464.013176413143	2.3347964812727544	1466.3479744406309	366.5733811995562	9.623884404406825	2177.8823529411766	593.2185399360394	8.656206590560032	812.0	208.85488939285278	13.752503156661987	2522.9588828119686	180.47862887382507	14.623757362365723	1724.2536418429406
3880.0	15527.547579123546	-165.44651847199853	4.329247909520039	70.27777777777779	1.0	0.0	0.0	-0.012136804607306172	-0.012136804607306172	1509.6774382591248	3.53549005370587	1513.2129192352293	378.29109334945656	9.511679753661161	2311.5555555555557	220.77364422710139	4.47408887965139	308.0	220.79074478149414	14.752928733825684	2435.584191335155	190.53533267974854	15.502483367919922	1731.5607728896678
4152.0	16755.598484575148	-182.168022000288	4.384745290062484	79.25	1.0	0.0	0.0	-0.013455572855885096	-0.013455572855885096	1313.9211757114954	2.9942408038037156	1316.9154166085382	329.2153977530342	9.416925123759675	2445.4999999999995	861.9544485592367	5.594668243895285	1000.0	233.47205877304077	16.19476342201233	2465.735309583061	200.8791184425354	16.398176908493042	1735.8463496642323
4456.0	17930.775719434387	-130.7398761060332	3.7663009477381073	57.45454545454546	1.0	0.0	0.0	-0.011262123713220707	-0.011262123713220707	1279.1648060191762	2.9925739966107137	1282.1573791503902	320.5280820673162	9.324562101653127	2586.3636363636365	4.261191141279458	0.7586150180723052	29.0	243.32512378692627	16.2473304271698	2465.0818901931248	209.77250218391418	17.305291175842285	1750.78766671888
4816.0	19296.36207818454	-122.41344267119379	3.9206486911476213	53.95652173913044	1.0	0.0	0.0	-0.010624615728487198	-0.010624615728487198	1187.3585424984203	3.891030322102938	1191.249569163603	297.8017675736371	9.222624926006095	2702.2608695652175	458.1948729643283	5.573713336954825	556.0	254.73768782615662	17.410330533981323	2428.213520558159	219.10839939117432	18.218957901000977	1759.620149841733
5160.0	20580.934475889553	-138.06361742468985	3.2835375324284546	62.55	1.0	0.0	0.0	-0.01165057132788357	-0.01165057132788357	1049.2075671027685	2.5132409754921405	1051.720810385312	262.91855251087856	9.112803410081298	2833.9999999999995	68.27655172113862	1.4416852255817503	97.0	267.7310240268707	17.600200414657593	2424.063305805829	231.00455689430237	19.126266717910767	1750.064201118419
5488.0	21662.87212801713	-134.1786931441653	3.4354609576499313	62.61904761904762	1.0	0.0	0.0	-0.011270566972744664	-0.011270566972744664	1157.5136570521763	2.425902667215892	1159.9395568847663	289.97361886160735	8.99572072029114	2984.5714285714294	0.223031455102642	3.974503548204666	62.0	280.9411187171936	17.72235894203186	2421.4045173311474	243.1456286907196	20.07313108444214	1743.5953288132919
5824.0	22931.103278891627	-120.53518717766573	3.9416891540375736	59.38095238095238	1.0	0.0	0.0	-0.011214779309866205	-0.011214779309866205	1037.4686357770654	3.8730852689061828	1041.3417170933315	260.3242143903459	8.87414063726153	3122.4761904761904	2.8273112197995567	0.0835118293762207	28.0	291.6580505371094	17.778740406036377	2420.1939517262313	252.89118456840515	20.988125562667847	1749.0733409936797
6208.0	24324.192303262796	-100.22480663845128	3.3308880145887763	51.44444444444444	1.0	0.0	0.0	-0.011734754769509227	-0.011734754769509227	889.529693603516	3.095850776292776	892.6255408839177	223.1446513125772	8.773561603144598	3265.037037037037	32.42160607265519	3.2825627457350492	49.0	304.22238302230835	17.87740921974182	2417.7999993571902	264.3149194717407	22.030054330825806	1751.2407965147436
6608.0	25654.287526470987	-100.87780364778293	3.392368281877957	54.95652173913043	1.0	0.0	0.0	-0.014481353218912066	-0.014481353218912066	782.2470684051516	2.986113503161403	785.2331831190321	196.29381370544434	8.640962017907034	3425.04347826087	51.73457712499048	3.8055003006011248	67.0	315.85474395751953	18.026365995407104	2412.854593714673	274.8455762863159	22.98280167579651	1752.1735288313782
6944.0	26926.564992931195	-113.14666243938198	4.473776187655811	65.52631578947368	1.0	0.0	0.0	-0.013179920382375901	-0.013179920382375901	701.9905689123905	3.603735204447398	705.5943027843126	176.3853958014285	8.50661445386482	3558.105263157895	206.52871214060787	5.64832165511325	238.0	327.911817073822	18.743777751922607	2371.453641219184	285.2894959449768	23.878543376922607	1752.868767381717
7288.0	28270.845300809513	-85.1105831987545	3.2425542788439072	51.83333333333334	1.0	0.0	0.0	-0.014289893227414707	-0.014289893227414707	642.0432566474464	2.856342149569708	644.8995978411505	161.21060949213359	8.347087586627287	3696.333333333334	1.08139334433998	0.9152851760736667	35.0	337.9810471534729	18.81994080543518	2369.4017139055973	294.3728098869324	24.788296461105347	1761.0009140246095
7696.0	29558.1077451276	-78.63450647120784	3.0279567738662414	46.51851851851852	1.0	0.0	0.0	-0.010255313332998926	-0.010255313332998926	584.4031761788035	2.722824961752504	587.1259982134844	146.77124420372215	8.196219714912212	3836.0000000000005	89.31375762234613	3.236604453995824	292.0	350.2407011985779	19.83072018623352	2307.530920221777	304.6478786468506	25.762102365493774	1762.5042627820708
8152.0	30917.304255773943	-74.13145282954669	2.917287516486552	42.4	1.0	0.0	0.0	-0.009931815818026112	-0.009931815818026112	599.4821432013262	3.6854514840402115	603.1675959135353	150.78196731366606	8.054231069589912	3986.133333333333	-2.4535947602327877	3.5567165091633797	18.0	363.37066173553467	19.878363370895386	2305.6224068780357	316.71617889404297	26.776119470596313	1755.3494004687425
8648.0	32315.098881997044	-65.56979351096322	2.7360162113903352	40.93750000000001	1.0	0.0	0.0	-0.012752436193978067	-0.012752436193978067	411.7614747910273	3.2301471660889325	414.9916207449777	103.73515260787235	7.8966178865659815	4133.750000000001	8.407048491361858	1.1090280767530203	35.0	375.4115183353424	19.967623233795166	2302.3270953045867	327.58136534690857	27.862529754638672	1755.948009239794
9080.0	33469.46129100548	-73.97745261814815	2.8470346221592164	56.81818181818182	1.0	0.0	0.0	-0.014766687993861995	-0.014766687993861995	325.6859112977982	2.2625742070376877	327.9484845399856	81.97235450148578	7.71115494892001	4293.636363636363	16.255415788749715	1.0543574889888987	21.0	389.1792047023773	20.005885124206543	2302.1225861320963	340.4118537902832	28.761465787887573	1745.288637695199
9392.0	34365.75648749787	-89.12050387919821	3.039432684173174	74.05882352941178	1.0	0.0	0.0	-0.0160962326416393	-0.0160962326416393	324.93823329380587	2.4347972622939507	327.3730309622627	81.82716148921423	7.53655072280339	4423.294117647059	213.6714056297712	3.3159000577870756	275.0	402.1252233982086	21.053034782409668	2239.962099877481	351.4029366970062	29.669251918792725	1743.9477869376256
9640.0	35126.20404182274	-92.103552133529	2.8132601827242723	91.85714285714286	1.0	0.0	0.0	-0.019635191164954397	-0.019635191164954397	231.0562881020939	1.2983093494001556	232.35459754046266	58.06901415656593	7.354161069673653	4565.714285714286	32.67281452939133	2.074399901786819	35.0	414.47488808631897	21.14189887046814	2237.2162637703823	362.7769329547882	30.556056261062622	1742.1879648745844
9872.0	35723.55562356735	-64.91448458734801	2.556991059797293	83.93333333333332	1.0	0.0	0.0	-0.021149310840853315	-0.021149310840853315	140.6848194815897	1.4492029163873552	142.13402216362226	35.512356107885175	7.118402426893061	4695.200000000001	718.5173089295757	0.6126506440341473	775.0	428.5177993774414	22.45075798034668	2245.002152894871	374.6319754123688	31.435065984725952	1737.392913181768
10088.0	36367.38319239627	-58.99650615245622	3.1885817032659056	104.08333333333333	1.0	0.0	0.0	-0.02378830092263109	-0.02378830092263109	95.38093976413505	1.347078704987378	96.7280184801887	24.15821644839119	6.840282419148613	4831.666666666666	719.7842301722083	2.262322236318141	763.0	441.04089975357056	23.766763925552368	2249.107205652427	384.98758912086487	32.28654670715332	1738.7682046486498
10280.0	37047.42161191758	-46.755333206292036	3.5509717461742794	107.75	1.0	0.0	0.0	-0.02605169492884497	-0.02605169492884497	87.2468060902187	1.3481295006615772	88.594935471671	22.122682142257702	6.537260219029016	4965.0	751.6460251523814	2.604364162310958	753.0	454.75633120536804	25.10461664199829	2249.3074005174385	396.4685683250427	33.183146238327026	1737.055793570965
10488.0	37705.87329761542	-30.884038301390447	2.928718962407856	93.64285714285714	1.0	0.0	0.0	-0.022495923156728253	-0.022495923156728253	75.46338894787961	1.3408102956326573	76.804199330947	19.178553938865665	6.247060733682967	5098.285714285715	763.3108372195421	0.39759746892377734	754.0	468.8556025028229	26.42646837234497	2250.925063534006	408.347781419754	34.08135271072388	1734.5828762119343
10696.0	38365.76690231407	-23.554122143775135	3.8451963824118134	106.83333333333333	1.0	0.0	0.0	-0.024260962932761965	-0.024260962932761965	67.0592263165642	1.4009252823889244	68.46015139187087	17.09077687824475	5.972090668538036	5231.666666666667	987.3975136568097	0.02060146676376462	1000.0	479.8892207145691	27.793750762939453	2284.1105736851605	417.1465368270874	34.948933124542236	1743.1074902925145
10888.0	39144.23200576979	-12.274853614513821	3.7006120765672676	114.25	1.0	0.0	0.0	-0.022857824002370304	-0.022857824002370304	45.32360170947182	1.4487815774563286	46.77238321304321	11.67023801472452	5.641015542878043	5382.0	984.7578889157949	0.038766900077462196	1000.0	492.6900792121887	29.194419860839844	2311.5376267681954	427.62840461730957	35.86725473403931	1747.783358173627
11056.0	39718.95215294492	-0.6343048191149763	3.54608000217215	143.66666666666666	1.0	0.0	0.0	-0.022649422415270227	-0.022649422415270227	47.14259987407259	1.1108198896464374	48.25341975688936	12.040705548392395	5.282014204396146	5532.444444444444	746.5883329225835	0.6476551797240973	752.0	504.48602986335754	30.509251356124878	2310.6106137162815	437.22344160079956	36.753336906433105	1752.9234293222273
11184.0	40213.174970203756	17.512542812095273	3.921279061614768	197.85714285714286	1.0	0.0	0.0	-0.023816256285658713	-0.023816256285658713	40.558590316772445	0.9002483677119019	41.45883860588074	10.340893387794491	5.006942489743235	5685.714285714285	1001.3314797080889	0.0	1000.0	515.5457804203033	31.895577907562256	2335.5902255759934	445.9481372833252	37.702065229415894	1763.799530255603
11296.0	40676.83488917534	34.756311699067716	5.028616920587541	190.14285714285714	1.0	0.0	0.0	-0.021002939339980823	-0.021002939339980823	56.99298758255807	1.2570458711370038	58.25003365466467	14.541505449696587	4.7949967478450946	5835.428571428572	1003.6903255519233	0.04378429101780057	1000.0	526.8079633712769	33.27604627609253	2358.904040123163	454.9111716747284	38.62074542045593	1771.773961746338
11400.0	41213.53044159924	54.058522749846176	4.669228668425906	249.16666666666669	1.0	0.0	0.0	-0.026805964006861263	-0.026805964006861263	45.946844683753135	0.902771090881692	46.849615754021556	11.68559795220693	4.564709477954443	6003.333333333333	997.317965459632	0.6658650189638138	1000.0	538.0353097915649	34.64395356178284	2381.2236052355065	463.7147777080536	39.676578521728516	1784.6830083230745
11496.0	41589.24980659307	59.12818326850138	3.843448490584403	251.66666666666666	1.0	0.0	0.0	-0.024274815218549604	-0.024274815218549604	43.570988102392725	0.498285606164824	44.069273731925264	10.993043612350109	4.312009768052536	6180.666666666667	995.5204763123689	0.0	1000.0	549.3210380077362	36.070266008377075	2397.9584730512415	472.54675698280334	40.704015016555786	1797.5735261069456
11584.0	42007.133881616406	88.12518596299864	5.167559151560999	288.8	1.0	0.0	0.0	-0.024407429607725316	-0.024407429607725316	54.34150613438	0.6657116157426075	55.00721778652884	13.727396983991973	4.110623722726653	6366.4	996.5790825336339	0.0	1000.0	559.5835733413696	37.47308945655823	2414.932990910957	480.3792872428894	41.731196641922	1811.444185075314
11664.0	42419.52463161136	108.34137498254384	4.998016633515635	322.0	1.0	0.0	0.0	-0.02462721960364434	-0.02462721960364434	51.18783966700235	0.5475375646104417	51.73537729183829	12.909217094381647	3.9207714771231017	6544.0	994.2333753069979	0.016090188175439835	1000.0	570.2771294116974	38.87763977050781	2430.5745039513163	488.56153106689453	42.837958574295044	1828.296825531413
11736.0	42759.20184069854	124.66585569398121	4.755724804784222	353.0	1.0	0.0	0.0	-0.023844976183595244	-0.023844976183595244	52.62040469759986	0.5229109715492956	53.14331565584453	13.261983945256187	3.741467250244958	6736.0	994.3933639454551	0.0	1000.0	579.4469907283783	40.27078938484192	2445.8174648315658	495.35356545448303	43.822635889053345	1843.8944403010755
11800.0	43106.65221160617	170.62903848876803	5.616149783098081	435.0	1.0	0.0	0.0	-0.022208490687777197	-0.022208490687777197	51.870485413749286	0.47036616729115577	52.34085156782618	13.06300440374411	3.5783225725281924	6931.0	990.7207969807771	0.0	1000.0	589.6945512294769	41.66071152687073	2460.2316245581114	502.96760511398315	45.06623458862305	1864.9450562297816
11856.0	43454.230484342675	216.5978365000589	6.511581632204373	526.3333333333334	1.0	0.0	0.0	-0.023065699391130085	-0.023065699391130085	50.52450513839721	0.5144284019867581	51.03893341620765	12.736667672793073	3.427220919479926	7145.333333333333	999.9894700261807	0.0460015070202644	1000.0	598.5612943172455	43.057440519332886	2473.3239764259447	509.3186173439026	46.18523645401001	1885.3820596193596
11912.0	43787.09545704972	180.7093432431706	5.694395153992446	411.5	1.0	0.0	0.0	-0.02266865370791707	-0.02266865370791707	64.74831685832898	0.4255892139147308	65.17390593360452	16.27080785526951	3.309086305253647	7317.0	988.9454216883398	0.0	1000.0	608.5469274520874	44.45599150657654	2485.4917471282597	516.7119989395142	47.378937005996704	1903.4253727198977
11968.0	44139.13955837276	213.17824556874325	6.541332968898739	479.6666666666667	1.0	0.0	0.0	-0.023405048444560227	-0.023405048444560227	61.85098938508468	0.3757285529070279	62.22671781886709	15.533274385062134	3.1859525144100203	7534.666666666667	998.5170672740412	0.0	1000.0	617.0184123516083	45.83771371841431	2497.834004186036	522.7811942100525	48.39950442314148	1920.1349111138593
12024.0	44471.23952784725	196.63870206263084	5.697212045773995	416.25	1.0	0.0	0.0	-0.02271968181816191	-0.02271968181816191	60.928985099792506	0.510966831222176	61.439952011108375	15.337268290519717	3.0940164172649394	7706.0	1007.8506535598848	0.002999626100063324	1000.0	627.1036386489868	47.23519420623779	2508.6167632259203	530.3112387657166	49.55720567703247	1937.335978127905
12080.0	44780.70443947203	216.2075897701774	6.435919094430649	418.6666666666667	1.0	0.0	0.0	-0.02146067576387922	-0.02146067576387922	72.43480200516545	0.5461696438295275	72.98097161242838	18.223782238207374	2.9936656402914146	7880.0	1045.8953921461994	0.07203142810612917	1000.0	635.0032620429993	48.66227650642395	2517.247625762624	535.9067087173462	50.434276819229126	1950.2576627037931
12128.0	45097.837884339664	247.37237567041566	5.8467623933118675	505.6666666666667	1.0	0.0	0.0	-0.023134021159073214	-0.023134021159073214	62.21158691162757	0.3417074536865061	62.55329434415123	15.615189562452597	2.9079978225079	8060.0	1024.787718957202	0.0	1000.0	643.6980345249176	50.09786248207092	2524.9580268074346	542.0923664569855	51.507805585861206	1967.3427586468183
12176.0	45365.84409895707	239.87858461845494	5.529546027859889	478.3333333333333	1.0	0.0	0.0	-0.022428074991859663	-0.022428074991859663	62.673414078625754	0.37507709996266786	63.048491434617475	15.739694730802018	2.8141966082833036	8246.666666666666	999.1742086068073	0.0	1000.0	652.1566367149353	51.529271364212036	2532.4441146790796	548.1155416965485	52.511823654174805	1982.5753348828266
12224.0	45714.81718915387	301.7750671734257	7.802529488704749	564.0	1.0	0.0	0.0	-0.02190670193634176	-0.02190670193634176	61.38996918384844	0.4221158564950414	61.81208502329314	15.431114568160131	2.7204294605897013	8437.333333333334	1001.0749261516552	0.0	1000.0	661.3603191375732	52.955222845077515	2539.7872537232097	554.7026007175446	53.70249557495117	2001.766598310169
12272.0	46079.40664638701	360.54435870448236	7.779928363997897	637.3333333333334	1.0	0.0	0.0	-0.02104040630691653	-0.02104040630691653	63.09777361771153	0.36383117915227514	63.46160469384023	15.844360799625008	2.61278884164218	8664.0	1002.2879564527312	0.0	1000.0	671.3835256099701	54.36722135543823	2547.3989022642345	561.9700767993927	55.04622745513916	2023.4359957609338
12312.0	46419.81735265418	381.7884680244797	9.710847875639956	685.5	1.0	0.0	0.0	-0.021016774427109686	-0.021016774427109686	62.47336887177966	0.38804758508645354	62.86141668047228	15.694337396394634	2.516488728069124	8858.0	1000.3849982812997	0.2088329514954239	1000.0	678.7859575748444	55.81163668632507	2553.141395957557	566.9657249450684	56.00859594345093	2039.3200127222335
12344.0	46689.6428483583	368.2582317733753	7.192216770387859	681.5	1.0	0.0	0.0	-0.021469356511564303	-0.021469356511564303	56.56879311516173	0.37984394468367116	56.94863689513434	14.215689877669016	2.4450832605361943	9032.0	995.0873143111529	0.06530618667602539	1000.0	686.3310031890869	57.2417254447937	2559.2345244953503	572.1071970462799	56.982080698013306	2054.1869742775516
12376.0	46986.68294553936	432.1837839254846	9.93217369818376	736.5	1.0	0.0	0.0	-0.02094416981951023	-0.02094416981951023	53.09501599205865	0.5091972779896523	53.60421337551542	13.380109172397187	2.3699743191401152	9208.0	1001.2014733722681	0.02403588965535164	1000.0	694.1359031200409	58.64245915412903	2566.314615225402	577.4636082649231	58.02983570098877	2070.595711874225
12408.0	47268.020561432146	414.57001971332033	8.179450480886771	709.0	1.0	0.0	0.0	-0.02059246140032139	-0.02059246140032139	56.74773771112616	0.33092397739264096	57.0786614851518	14.249072887680752	2.2997980564832687	9392.0	999.4497349280969	0.23535176552832127	1000.0	701.8100571632385	60.09923052787781	2570.6651922662386	582.6655571460724	59.04526948928833	2085.9037193096983
12440.0	47602.63491148338	487.9214063640229	11.501597434840278	778.5	1.0	0.0	0.0	-0.020453608218607155	-0.020453608218607155	62.5521414677302	0.5224613576817015	63.07460304101309	15.74819720784823	2.2334279331068205	9578.0	992.7851470951232	0.08337931334972382	1000.0	709.8685550689697	61.520122051239014	2576.311533777393	588.18133020401	60.1671028137207	2102.9757003557265
12472.0	47927.989265290045	480.14153211354846	9.965775835018576	819.5	1.0	0.0	0.0	-0.02154201900004409	-0.02154201900004409	52.06343301773073	0.34497528500854957	52.40840831756592	13.080560040473936	2.1438828325271615	9776.0	987.7284012378046	0.1080528013408184	1000.0	718.2911591529846	62.938034772872925	2581.8251330281028	594.0189328193665	61.33419156074524	2120.528533856447
12504.0	48295.15470419657	500.6509474885555	12.17518532594113	820.0	1.0	0.0	0.0	-0.020762341236695646	-0.020762341236695646	54.524036979675266	0.5743849915266038	55.098422069549535	13.753843173980712	2.03639568567276	9976.0	994.7291067534707	0.2234514793381095	1000.0	726.6509957313538	64.37569880485535	2586.3020222072155	599.7712507247925	62.50404620170593	2137.9976069938575
12536.0	48666.06484708151	503.23296825929964	10.601170090511005	789.0	1.0	0.0	0.0	-0.021671499764731077	-0.021671499764731077	48.20112435022992	0.3845218012575061	48.58564616243045	12.124740034341814	1.940794832383594	10168.0	1003.9533977292178	0.8600234324112535	1000.0	734.8513281345367	65.77634000778198	2592.041454112965	605.4380524158478	63.63693571090698	2154.020140604879
12568.0	49039.217272035465	555.3930284700377	12.966175978251613	799.5	1.0	0.0	0.0	-0.02064831057511156	-0.02064831057511156	62.12810964000469	0.5413995614009247	62.66950914811114	15.646728958402354	1.851077143026858	10364.0	1007.0263615703315	0.36062078340910375	1000.0	743.1134314537048	67.19770669937134	2596.7404033690405	611.1494631767273	64.7662615776062	2170.101902175928
12600.0	49440.83616478395	494.9995142041075	11.899269767834994	734.5	1.0	0.0	0.0	-0.0214896352392518	-0.0214896352392518	62.36594914330374	0.5868799378474554	62.95282906426324	15.716717682944402	1.7875140064292487	10552.0	1000.2771290129208	0.4924263972789049	1000.0	750.9203789234161	68.61705803871155	2601.3210869416585	616.5009355545044	65.8023853302002	2184.239698654248
12632.0	49808.44309951743	532.233184793212	10.721104992837354	767.5	1.0	0.0	0.0	-0.02118853812026691	-0.02118853812026691	54.944909724783365	0.42648039900876095	55.3713901296575	13.821658966389114	1.7054670408685155	10738.0	999.3526181403245	0.46260795113630593	1000.0	758.9445838928223	70.03697681427002	2605.694995715701	622.0104444026947	66.89716267585754	2198.9712182511375
12664.0	50141.0023909608	552.0968076190218	11.635245261432374	789.0	1.0	0.0	0.0	-0.02197440520133253	-0.02197440520133253	59.76145236346186	0.4458167405456913	60.207269143085085	15.029842868143207	1.6101105316561097	10928.0	993.661276232147	0.000694204238243401	1000.0	767.1279263496399	71.49379968643188	2608.547885522345	627.5967092514038	68.0374174118042	2214.028813376011
12696.0	50557.38423477575	566.0981847082048	12.643300665344668	759.5	1.0	0.0	0.0	-0.02104316986515187	-0.02104316986515187	75.86227396701243	0.45140838084068713	76.31368225178822	19.057377409427705	1.5411749716768874	11120.0	1008.5697810478968	0.1639581760391593	1000.0	775.1586577892303	72.92745852470398	2612.1162570812794	633.0992159843445	69.13198328018188	2227.8617094178294
12728.0	51001.43585584199	613.1387947277622	15.594338598493778	813.5	1.0	0.0	0.0	-0.020623077498166824	-0.020623077498166824	61.389086723327644	0.6668181532621388	62.05590496063234	15.493353166580203	1.4641674768924715	11318.0	1045.9816446231118	1.8298421234358102	1000.0	783.5255360603333	74.35943865776062	2615.6060819012287	638.8791844844818	70.28691291809082	2242.8116710958693
12760.0	51539.15065759752	631.7706903597599	16.31209681612654	808.0	1.0	0.0	0.0	-0.02081336457714704	-0.02081336457714704	65.18220638742254	0.709309431971336	65.89151592643888	16.452065628402096	1.3890052230990657	11512.0	1096.9570435783203	3.3624221803170258	1000.0	791.8600218296051	75.77705979347229	2619.4603029068576	644.6404242515564	71.44253778457642	2257.2929195296756
12792.0	52066.55037559435	553.3835425971864	15.904629379932885	721.5	1.0	0.0	0.0	-0.021278721552678487	-0.021278721552678487	75.82368615468346	0.8883473369810315	76.71203342013884	19.156729687584768	1.332410259379281	11694.0	1004.133977840048	0.4577634707093239	1000.0	799.6489114761353	77.20489287376404	2622.8259953821184	649.9385523796082	72.50546622276306	2269.396600683018
12824.0	52605.1433660645	629.3799334776052	18.083640599470527	778.0	0.9938441566453721	0.006226606457364596	9.196451433979294e-05	-0.02023070656165752	-0.02002115847079893	72.65562311808264	0.8798288631563386	73.5354521870613	18.36384195586044	1.2735974770039327	11880.0	1005.9528556148371	0.8927799137309194	1000.0	807.7588410377502	78.61848497390747	2626.5451448032	655.5398962497711	73.60045981407166	2282.7196247717566
12856.0	53221.88525044464	743.3412606185747	18.34222853913343	879.5	0.9931899571795354	0.006891797842220482	0.00011364891441156004	-0.021519044342851516	-0.021257432278782355	60.01833099789092	0.7822514261912419	60.80058246188693	15.178888153146815	1.2040121809200004	12102.0	1148.6316704124479	3.3971108245896176	1000.0	816.5829372406006	80.03796339035034	2629.9394822604645	661.6951014995575	74.84987235069275	2297.9940941720743
12888.0	53824.27923202664	619.0619688808763	18.784321571335113	736.5	0.9686588263352598	0.033487986191609205	0.00045604380243781265	-0.02028025559169086	-0.019199983289362323	88.93457075754807	0.9627678472134792	89.89733874003089	22.45513473616704	1.1294061938921613	12282.0	1169.1301424445146	8.078492274726159	1000.0	824.415070772171	81.48562216758728	2632.304869181206	667.0447070598602	75.88474154472351	2309.98919644846
12920.0	54522.44942554583	779.096262863302	24.098672759173496	813.5	0.8171540201803827	0.2290631715979282	0.001591556914354442	-0.018100126702338452	-0.013514665884114728	87.55680337905888	1.344778894782066	88.9015825080871	22.211880989074707	1.074533608555795	12480.0	1109.9805584672604	4.934575722349109	1000.0	832.724936246872	82.88473987579346	2636.130611345643	672.7871532440186	77.05304312705994	2323.436391422557
12952.0	55277.22192455288	844.599772040549	24.72084823221303	918.5	0.8094539874166046	0.2992789476035978	-0.0027164903044649687	-0.015487640051495485	-0.014989768632805139	63.75360805647716	0.9794197548180819	64.73302791799819	16.168267211743764	0.9921179943318879	12696.0	1186.4465321409007	5.21061688894406	1000.0	841.8016545772552	84.27706480026245	2640.0421102385985	679.1769344806671	78.34765529632568	2338.680517977037
12984.0	56012.65822657374	706.8790067408297	20.39785523622595	750.5	0.898234156027983	0.11462756574560488	0.0010252556758527846	-0.019310906543345805	-0.016445619129671067	89.02698807094401	1.0263767323416213	90.05336450493857	22.496895505034402	0.9304457352213236	12892.0	1268.7527289633176	4.515910426434857	1000.0	849.7079529762268	85.67627716064453	2643.6139326562693	684.6275300979614	79.40414571762085	2350.2140772935977
13016.0	56678.76259764355	768.7216094745531	21.309392539405962	816.0	0.8562180435300207	0.16825353459161344	0.0018628844601698794	-0.01903587621578481	-0.01471095245696063	79.08699424743652	0.9081399965286255	79.99513431549073	19.984072647094745	0.8645235291123395	13082.0	1316.7372920244259	7.0577357685688185	1000.0	858.0873937606812	87.10783767700195	2646.0879542743473	690.3801519870758	80.5994040966034	2362.9160924239513
13048.0	57504.464981138284	886.0534524335158	27.30716595480044	853.5	0.6562623548930974	0.5246082889159063	-0.0015953667540228565	-0.013406446168329034	-0.009832459670243538	75.11685360394988	1.1908861719644996	76.30773973464963	19.067102450590856	0.7883894535211418	13292.0	1332.4767548831087	8.809336080645153	1000.0	866.8192019462585	88.54001069068909	2648.463651299961	696.4399855136871	81.83920574188232	2375.867196213911
13080.0	58317.32040710586	881.9724589712334	24.98975063675971	846.0	0.6849888640563919	0.46275484362873603	6.596317969244581e-06	-0.014331002875153973	-0.00982236618597597	88.4307487744552	1.2339988901064942	89.66474765997665	22.406364514277527	0.7250385393316926	13500.0	1337.7499707777133	6.296962971799076	1000.0	875.6326422691345	90.06408452987671	2648.058893230461	702.4847564697266	83.08380126953125	2388.299508064999
13112.0	59096.52383285697	894.3030400635238	21.616907688656966	864.5	0.7865250782227452	0.35822599869217203	-0.0030266278385479035	-0.013215682334771803	-0.013342326274553744	73.81169322751605	0.9112763067461401	74.72296955900369	18.667400045214944	0.6632728138059941	13714.0	1367.2351103142043	6.650898813299136	1000.0	884.4619977474213	91.43564343452454	2652.083923635824	708.6982576847076	84.32809662818909	2400.737364711611
13144.0	59747.970956148805	939.5322246881865	23.114092932780807	904.5	0.7157339398696854	0.416050255005713	-0.0012012362108829882	-0.014245386467467008	-0.011088948737631865	67.63538697787693	0.9268521160951683	68.56223891462596	17.129470803907925	0.5828422840152466	13932.0	1436.4729794920213	14.039941683760844	1000.0	893.4536385536194	92.82917714118958	2655.3612516147878	714.9919893741608	85.63247203826904	2414.114348430265
13176.0	60439.69463978406	917.0749318160242	21.484914864077837	829.5	0.7453326696338851	0.3768401208465115	-0.0018874513267655858	-0.013810392543673512	-0.011860591730757214	88.58376852035528	0.8944064179062838	89.47817470550531	22.357683134078986	0.5088313284516336	14132.0	1351.2383819192328	5.600644481484778	1000.0	901.7378714084625	94.22412037849426	2658.501867608552	720.689234495163	86.8245165348053	2426.404500853243
13208.0	61156.83787620454	966.1551009359447	21.48449273002734	869.5	0.7271097934500335	0.3756888638853928	0.0003137205230814289	-0.01329425990115851	-0.009421976298609996	69.64982259715046	0.7687184868587384	70.4185409192686	17.595213320520184	0.42463768894473725	14348.0	1339.5106500088202	4.998038198624272	1000.0	910.3840620517731	95.62399959564209	2661.4134639438175	726.6936933994293	88.06636905670166	2438.990436042631
13240.0	61917.494574453674	1032.5633680350957	23.01433348699993	902.0	0.6855230439779688	0.48903841343694077	-0.0025409370932071122	-0.012458923879811278	-0.010328441563608159	57.64506665297916	0.8650585636496546	58.51012512615749	14.617202856710973	0.3172332161505309	14572.0	1392.8208207065447	4.196140559477499	1000.0	919.4470944404602	97.05695271492004	2663.333154083901	732.9997115135193	89.39043021202087	2451.461779162265
13272.0	62498.77930422153	907.1968041655001	18.34791462594694	777.0	0.8116441691171515	0.23489817914259273	0.0005603124367468124	-0.016320959611524206	-0.012839623349092935	95.14186368385953	0.6594300209544596	95.80129388968147	23.9374838868777	0.24329447513446226	14774.0	1418.2692708912607	4.757387643825496	1000.0	927.5260672569275	98.49224090576172	2665.1337972009146	738.5282509326935	90.50557541847229	2461.83440907692
13304.0	63246.85577284427	1101.1361004352452	23.04041100934535	925.5	0.6764692488606996	0.5187198677083489	-0.0035972355716167915	-0.011961975481091559	-0.01048800711665361	58.20391275171647	0.7845909234724545	58.988503782372725	14.736637916481286	0.17531031664264835	14994.0	1461.3206408406027	7.471365315315779	1000.0	936.7395401000977	99.8962414264679	2667.717986128266	745.0421962738037	91.80110239982605	2474.258924319264
13336.0	63936.21486585896	1089.3947912503236	22.17440775187424	906.5	0.6816101708780935	0.47038309703485287	-0.0008513984292741432	-0.013781003067768843	-0.010023334950004664	58.295000067779014	0.8110337830813867	59.10603410005573	14.766485190817285	0.08954651869966514	15210.0	1494.2091293139677	6.221079089853447	1000.0	945.8952260017395	101.343425989151	2669.092714794909	751.4388282299042	93.11297178268433	2486.034604353107
13368.0	64614.09102353864	1228.0132047926732	21.284992010745327	1000.0	0.6919243179666189	0.4452577299632624	0.001749024077951382	-0.015765021481896728	-0.009695885399023739	29.79271584172403	0.5365337596064612	30.32924958967394	7.572616531002903	0.002119533477290978	15458.0	1578.3417089423099	7.365495561331045	1000.0	955.698673248291	102.78733038902283	2670.5139530437177	758.352541923523	94.55880093574524	2499.187070081814
13400.0	65287.302565541926	1209.1964840334351	22.586769932648167	940.5	0.6688846299518607	0.5383703186777565	-0.0044647422388340505	-0.010262642762019564	-0.00967797813103087	45.24365866595304	0.6178552018928118	45.861514033942434	11.455700522866753	-0.08508534790498427	15690.0	1608.8937970230572	9.898958037738339	1000.0	965.0547587871552	104.20929670333862	2672.458300844455	764.9354496002197	95.9100124835968	2511.1243483438684
13432.0	66015.92594856641	1218.560040711417	20.84919872566752	954.5	0.6849034940908199	0.46256735969717006	-0.0002761276539215829	-0.01369433396819473	-0.00956736938527717	44.58535777108143	0.5712714154841535	45.15662905321286	11.279589869208255	-0.15737966950035695	15930.0	1655.4076139770084	9.479326617598417	1000.0	974.3689820766449	105.62701463699341	2674.457864504131	771.4691197872162	97.2728476524353	2523.4685121302
13464.0	66695.89769278184	1280.4921413428592	21.711028521566732	948.0	0.6590552458157661	0.5173523116000892	-0.0015238075550236124	-0.009973664526177312	-0.007577092148804629	51.305085774125715	0.5037673475413486	51.80885312475004	12.944636205147047	-0.24045844164131008	16164.0	1623.4148081279127	4.329072554362938	1000.0	983.7774817943573	107.03724884986877	2676.5915891750915	778.1009654998779	98.6392674446106	2535.069016435482
13496.0	67304.6083435966	1185.4749052126722	17.714841139938017	884.0	0.7659997902500651	0.3105499831730028	0.0012654511680281122	-0.013626631574610387	-0.009538353266862925	68.04052739673192	0.419349873231517	68.45987701416016	17.105430876767187	-0.3079453608779992	16384.0	1713.409140545215	6.07866325386567	1000.0	992.58744597435	108.41446447372437	2679.485633306847	784.2824900150299	99.8904914855957	2545.7767281915153
13528.0	67935.32949719278	1223.7982865586987	20.19732629142254	918.0	0.7044650157729484	0.42695185418747517	-0.002193400621508135	-0.012819885399311023	-0.010571012896895044	73.21952769630835	0.5065729930474048	73.72610075431956	18.420954147974665	-0.37218060069962555	16606.0	1729.707279015935	4.397374245862011	1000.0	1001.8046839237213	109.87257528305054	2680.3321870023574	790.7355358600616	101.19657278060913	2556.577992774844
13560.0	68599.71093565163	1343.404972229172	21.96455938920917	962.5	0.6555641866003743	0.5278462890070561	-0.002744387552118465	-0.010779113521586357	-0.008843993851435965	47.27444699659185	0.5512861366999352	47.82573310399461	11.947589292364603	-0.45410579544002705	16838.0	1796.2371508434867	5.5947353108967945	1000.0	1011.2256994247437	111.25915837287903	2682.880262311622	797.4040293693542	102.56251168251038	2567.9843578393793
13592.0	69294.14666034568	1343.330411198444	21.16782685085127	936.0	0.6660220833229823	0.5015337728892432	-0.004513103708538028	-0.009177427378870498	-0.00911679498539854	59.98643958979638	0.4378448018226129	60.42428438416844	15.09695432309447	-0.5468466582483258	17072.0	1787.765803519519	4.642042376490281	1000.0	1020.5047287940979	112.68679308891296	2684.3873333170745	803.8664226531982	103.9515130519867	2578.785798257532
13624.0	69938.4994145923	1363.9647360208437	19.46032438801194	971.0	0.7057517042984561	0.4201563439302893	-0.0009742753798491317	-0.013319482349227961	-0.010036315979993613	40.10798423290253	0.35389342115571115	40.46187776724498	10.105433156092966	-0.6606381081044672	17314.0	1794.903945805466	4.964808043267112	1000.0	1030.117155790329	114.09563136100769	2686.2991715276576	810.6633024215698	105.35822200775146	2589.620371069164
13656.0	70536.41416457937	1365.616950506408	18.252007091276027	953.0	0.747845576208778	0.34433446556502484	-0.0008591029439011106	-0.012908304574325328	-0.010375430112192672	59.04397995718598	0.3354633889835457	59.379443522157345	14.83448545891663	-0.7464710098916085	17546.0	1756.6616372834324	2.059630037736497	1000.0	1039.42005777359	115.53137183189392	2687.5384155551405	817.1699087619781	106.71877717971802	2600.6022549686522
13688.0	71054.61851859126	1293.895809656463	15.727207680725769	952.0	0.849561789588183	0.1812176246406581	0.001394617756948535	-0.013410418769157233	-0.010224240987625246	51.141151007959415	0.30495052153276186	51.44610140687328	12.851301136663407	-0.8258146370871594	17782.0	1793.1224560073008	0.8226188257904141	1000.0	1048.68945479393	116.88566565513611	2690.620772335745	823.7174549102783	108.08633422851562	2611.2299910787087
13720.0	71614.27168687807	1408.3038420780238	18.2440510479355	977.0	0.7814408406192132	0.2807671391163416	0.0009976984741721633	-0.012717682366686245	-0.00916875332926296	53.87617412408192	0.2884783959016205	54.16465237935383	13.531994412342705	-0.9118795774877075	18020.0	1829.8291389195365	2.078607622475829	1000.0	1058.2991321086884	118.2975697517395	2692.3207354842275	830.5004777908325	109.50108456611633	2621.729685023839
13752.0	72203.87635503181	1249.731886665414	18.742753773884033	856.5	0.7750198437057424	0.2903056793496338	0.0003586674059848659	-0.013381068185061358	-0.010093288758424026	107.5694726613852	0.4051923473867086	107.97466488984912	26.983572964484885	-0.9566412195563319	18232.0	1877.5690089509133	2.270363879870274	1000.0	1067.0585939884186	119.72758054733276	2693.5731810976145	836.5888111591339	110.7422022819519	2630.3994745707414
13784.0	72831.86935250428	1352.4041544470392	20.035257707226265	909.0	0.7410769307035571	0.3498928082058895	-0.0011665673279951862	-0.011863579018868869	-0.00964548306343525	75.32569888659883	0.37628396600484865	75.7019829324314	18.915850230625697	-1.0263183122234685	18458.0	1879.6322401398234	2.47296221574652	1000.0	1076.15012383461	121.14366173744202	2695.1059206681534	842.9708821773529	112.03557991981506	2639.7287348863015
13816.0	73492.18170740466	1469.9670644069233	20.82351386085702	947.0	0.715598849169079	0.3979282850817413	-0.001398171167485258	-0.010270392065187045	-0.008362689084852156	54.968370138588625	0.3538790447479586	55.322248951863415	13.822199535571917	-1.0663136748944297	18686.0	1919.0393210000598	3.1832178877084516	1000.0	1085.5678968429565	122.5515296459198	2696.7839647116425	849.6375422477722	113.37882494926453	2649.25611537192
13848.0	74116.05989350655	1472.8590426457604	19.195921941692745	973.0	0.7650184251115789	0.3086795635684813	0.00011780070738798996	-0.012929552336087603	-0.009811931574579916	36.564981118837984	0.31726751774549494	36.882248600324	9.210750204324729	-1.1466351866722106	18930.0	1951.2330521021606	3.290228879341157	1000.0	1095.1068668365479	123.93221879005432	2699.015665705515	856.3892040252686	114.78544402122498	2659.0634395105944
13880.0	74756.63713501561	1486.9456056184576	19.757299994644768	954.5	0.7477570632492894	0.3384187889947888	0.0003218853815206817	-0.011343341905840453	-0.008288531370673712	43.12128492470445	0.3388519274905838	43.460136754759446	10.856745661332692	-1.242946367325453	19162.0	1976.9599262457486	2.3255398816254456	1000.0	1104.458573102951	125.33587002754211	2700.703317618627	862.9730083942413	116.1496946811676	2668.696162179335
13912.0	75368.17929059894	1502.47820178117	18.670547257475846	958.0	0.7862123761462305	0.27647992053662496	0.0006745690880668889	-0.010436758874536697	-0.007704547945894145	62.08340835571289	0.28015664693410114	62.363565008519025	15.583186646639291	-1.3219074147232506	19398.0	1943.7312464753531	1.2768432859738823	1000.0	1113.8088955879211	126.7200710773468	2702.76837037875	869.5797519683838	117.50907254219055	2678.2351642070275
13944.0	75908.79967023499	1422.1552071569877	16.42057992792033	956.5	0.8839268011014271	0.1348481507317221	0.0013573274044250921	-0.012352331535559213	-0.009830492984925287	58.75899520971005	0.2626416145871251	59.02163685782485	14.745578691110781	-1.385316164311716	19636.0	1996.134701956495	2.050140603489126	1000.0	1123.290697336197	128.16520071029663	2703.502963984849	876.2402827739716	118.88521385192871	2687.377631331405
13976.0	76554.67776885803	1578.0151856999032	20.36528684871473	986.0	0.770941327710911	0.33435042095589157	-0.0017532540868025952	-0.008332716493836805	-0.00760075284401449	37.78508793330584	0.30224233139000944	38.08733027098608	9.514231812758526	-1.490552146903804	19876.0	2023.1918992540768	3.292119215533603	1000.0	1132.911218881607	129.56211853027344	2705.2274536411155	883.0416767597198	120.30742359161377	2696.8111089674767
14008.0	77208.54866862176	1663.196232359945	21.657584776166914	1000.0	0.7147871219351494	0.39965538232281955	-0.0065387225225887	-0.01107273453277641	-0.012466870330710509	19.053879941663425	0.31177840580142313	19.365658367833767	4.828947705607262	-1.6165389019635414	20122.0	2045.8283032950148	8.853422357769887	1000.0	1142.7795312404633	130.95140194892883	2707.0729654215797	890.0604817867279	121.76764750480652	2705.8379983139953
14040.0	77903.77691876225	1586.197312356771	22.064149362959142	964.5	0.6960941385726899	0.43688925660819644	-0.0019569871061722245	-0.006906968250898329	-0.006172097927397044	40.591660200539266	0.3412482347655096	40.932908522880695	10.227055033384746	-1.709802177497896	20362.0	2047.9374270667684	8.352884055475442	1000.0	1152.2493078708649	132.3624656200409	2708.4339833098466	896.7581965923309	123.12864565849304	2714.734503182344
14072.0	78584.15452597047	1675.038851529091	20.233846837176316	1000.0	0.740490381733278	0.3583453157947613	0.0001731475201062671	-0.011144438405491175	-0.008213953567212306	23.44499990247911	0.2534024161436863	23.698402289421338	5.916386637956868	-1.7921181821054026	20606.0	2051.2325106372955	4.038543052301975	1000.0	1162.022570848465	133.76638340950012	2709.9110461130663	903.6977355480194	124.55845189094543	2723.7589563896936
14104.0	79145.52942070765	1589.274660889102	16.8167265047814	968.0	0.8645425617940884	0.16291895378038404	0.0008372106908491144	-0.011581056277767251	-0.009388882860321577	43.59513732194901	0.20431904066354037	43.799456369876864	10.940475217501316	-1.8976629068454112	20848.0	2074.3427945486164	6.8473208587611225	1000.0	1171.4763779640198	135.1723256111145	2711.3168197933637	910.340678691864	125.96337366104126	2732.510785392242
14136.0	79720.48222295586	1678.5743445920034	18.76521656119425	975.5	0.8062337059568826	0.24051714826543857	0.0008010000391853587	-0.01074049655968945	-0.008009782888515022	37.14475966691972	0.22637608038882415	37.37113576730094	9.334774160385132	-1.9891427025198944	21090.0	2066.0230523718465	4.799264962377492	1000.0	1181.0589389801025	136.55975079536438	2713.061482919583	917.1417191028595	127.35746908187866	2740.9662280116954
14168.0	80347.01371099355	1665.2017499171902	19.92953913083602	978.5	0.772776705236124	0.2940349581271475	-4.86682006642999e-05	-0.010759109185892155	-0.00835207438801319	34.77997628450395	0.24908193616817403	35.02905815839766	8.748912448684377	-2.0693768560886374	21326.0	2072.213134421074	2.6899486428587807	1000.0	1190.6661746501923	137.96291255950928	2714.4613943871645	923.9219343662262	128.7813277244568	2749.352171904527
14200.0	80987.71658905216	1716.0034117891455	19.90011482783484	994.5	0.773560066444626	0.2931615541124094	0.00012016316580483078	-0.009869366374675977	-0.007523302763707466	33.315173047487846	0.24941882436148466	33.56459191978955	8.383624681683841	-2.1775041261657346	21572.0	2069.7166756863535	1.1734162367647514	1000.0	1200.4679803848267	139.4006712436676	2715.159092300235	930.8570168018341	130.21029233932495	2757.68179340895
14232.0	81569.42373350616	1678.60180700131	18.298958038365527	948.0	0.8430803388436876	0.19168320825473323	0.0006923471553128707	-0.009640860668853215	-0.007561152135524541	41.35419759668154	0.22552513453210216	41.57972272922253	10.387369525843656	-2.274795265033328	21808.0	2090.862905095988	1.4870127279427834	1000.0	1209.8692927360535	140.83168768882751	2715.9725646768925	937.4724740982056	131.56513094902039	2765.510760371611
14264.0	82206.06123491787	1745.1183345090121	19.295450929367803	997.0	0.8089637503685637	0.24327136695039725	0.0010471904175985043	-0.009356765101866558	-0.006643883084676276	32.29770149723174	0.24276251940717644	32.54046413206285	8.1284721493721	-2.350169527915216	22050.0	2092.25466097137	1.3961196629679762	1000.0	1219.6585004329681	142.25101828575134	2716.992852899061	944.4037711620331	133.00371098518372	2773.645115257955
14296.0	82847.95818286856	1758.5361789021517	21.40184069512543	968.0	0.7447432606772808	0.3477850186246979	-0.0011727559215969298	-0.008267449234785918	-0.0069547922500422426	33.738012192612985	0.24875346583835156	33.98676561096965	8.48973662873445	-2.453745644981579	22290.0	2115.0456975505995	1.3610914148157462	1000.0	1229.1033277511597	143.66498231887817	2718.0945119476573	951.0327370166779	134.40560841560364	2781.6725037455117
14328.0	83503.84191553413	1835.615075089364	19.91754100107198	1000.0	0.7818820231735126	0.2799323332281845	0.001380534830992298	-0.008924680326462325	-0.005870997022547768	10.361710811814955	0.2239167739547069	10.585627621219999	2.6405359069185876	-2.574947506189348	22534.0	2102.8292486477144	2.3812342450510187	1000.0	1238.924177646637	145.05369544029236	2719.6480503482503	958.0031769275665	135.86730527877808	2789.483809678672
14360.0	84193.60227179666	1856.8904534000965	22.20419065423721	1000.0	0.7104815407076644	0.4098149272184867	-0.00023638711601022542	-0.009228963844737249	-0.006688785702434128	12.730932779850495	0.2382841750138229	12.969216954323555	3.235615461103381	-2.6979147753407875	22782.0	2116.0153480048934	3.578078422476807	1000.0	1248.7318005561829	146.4836483001709	2720.406029097618	964.9392032623291	137.30894899368286	2797.313829639203
14392.0	84874.05394668375	1845.6629202308945	20.480595476579765	1000.0	0.7485363232386619	0.3362763167378321	0.001417570432925958	-0.011482772302828848	-0.0075543118443935405	13.472811587395212	0.22757711027178054	13.700388693040413	3.4175428584698704	-2.8099570505080664	23030.0	2136.806925533271	4.329978553294495	1000.0	1258.4807455539703	147.87433695793152	2721.871883114546	971.8817646503448	138.72464394569397	2805.0747554556397
14424.0	85521.09707210875	1799.36019917153	19.419245088021853	975.5	0.7840270625859136	0.28995292987391974	-0.0002530636229494119	-0.008342703239759431	-0.00679118116066913	33.179854075113916	0.23486523274332277	33.414719293514885	8.346888619164622	-2.899294549226761	23274.0	2142.6647643479328	3.760253661315801	1000.0	1267.9587864875793	149.2813684940338	2723.012282783608	978.5319764614105	140.145441532135	2812.7491888087393
14456.0	86103.80877106334	1845.0467253367524	18.847847616984154	1000.0	0.8075066066625098	0.23893730637667096	0.001013272153701814	-0.009369926656701512	-0.0067354817622128004	16.6043095954003	0.19708304053112394	16.801392668677916	4.193612682723229	-2.978140032099142	23518.0	2140.7442619892627	3.578298872191226	1000.0	1277.7333731651306	150.65242671966553	2724.7818633804704	985.4986157417297	141.58233070373535	2820.1692256659912
14488.0	86788.83001487468	1890.0486667030673	21.893120113226928	997.5	0.7118125809067349	0.40527006987985376	-0.0017081281817926555	-0.006121170176606208	-0.005581842331644193	25.875439349682114	0.24249908081706473	26.117938480069565	6.523902776741208	-3.0705710543740197	23766.0	2162.9733313012875	4.1839085965111735	1000.0	1287.5481541156769	152.067049741745	2725.738420676508	992.46715092659	143.01395344734192	2827.423536713242
14520.0	87496.66968873706	1888.7647216703122	22.781890857655526	1000.0	0.6814252553428641	0.47090850518327904	-0.0035444248604753438	-0.005751648662901002	-0.006288695366379937	19.894018746191463	0.23024506915000179	20.124263774964106	5.02477723936881	-3.1753328000345546	24014.0	2187.0385959177565	6.413810285826912	1000.0	1297.3546903133392	153.47253155708313	2726.839752717205	999.4413864612579	144.44077229499817	2834.6328991839137
14552.0	88244.32397877818	1889.7961676317464	22.635628858511154	989.5	0.6690273497148589	0.49846701145183353	-0.005578547862494845	-0.004084272312046196	-0.006466455218481443	24.461403739256923	0.1973836516625568	24.658787455715114	6.1582303838651695	-3.2961677058798355	24260.0	2150.2526458258294	1.9212257283143117	1000.0	1307.022563457489	154.8677854537964	2728.1012559325845	1006.2787492275238	145.87602877616882	2841.766629369918
14584.0	88883.06722321101	1929.1462003872653	20.398381237779176	1000.0	0.7283261438801412	0.3849822537125692	-0.0013649246497915292	-0.006517458863409929	-0.005730843063471502	11.5623578236949	0.18678550911887037	11.74914336781348	2.931554999082321	-3.386822482270579	24506.0	2149.899293537421	1.512331835263467	1000.0	1316.7230925559998	156.25419449806213	2729.494727293797	1013.1562702655792	147.3126277923584	2848.981998167207
14616.0	89546.27674326448	1960.1331934713692	19.998184533298627	1000.0	0.7287492083895536	0.37222539350525036	0.000678818525894683	-0.006680241250573852	-0.004372350299604224	6.627900908070226	0.19003903511310777	6.817939946728365	1.7001126355701872	-3.4988830820206687	24754.0	2183.622714224111	2.3141604294796707	1000.0	1326.5522871017456	157.69162249565125	2729.98015485491	1020.1102635860443	148.75040102005005	2855.9049860104215
14648.0	90233.44063697931	1938.3549313232124	22.103875247285032	978.5	0.6706359302741312	0.49147884102015155	-0.003366867401928175	-0.004531020661427948	-0.005312609288152281	17.60112362305323	0.21072025696436553	17.811843848228452	4.447648346424103	-3.6155816763639446	24998.0	2196.1655099202035	1.4934581738489214	1000.0	1336.0991339683533	159.1151556968689	2730.6952508518966	1026.847395658493	150.13658261299133	2862.80362537169
14680.0	90898.73657115661	1957.0204233500199	19.619477898329933	1000.0	0.7305306216744287	0.3759337579731074	-0.0010664675805709255	-0.008533466278564564	-0.006987197182579401	11.45773756311786	0.1607156874191377	11.618453237318223	2.8976261154297873	-3.7221941678754735	25242.0	2189.6915300983346	0.8677259479736676	1000.0	1345.9087586402893	160.49399375915527	2732.158317762507	1033.836928844452	151.57783603668213	2869.4378548094755
14712.0	91513.02810963745	1980.1988203182646	19.588742876889228	1000.0	0.7319547753776393	0.36636311267633576	-0.000531712542837223	-0.007558550735402309	-0.005931588860290375	9.644231334809339	0.1985321719980529	9.84276349506071	2.4547592882187126	-3.851938277482985	25490.0	2186.612647615016	0.9777537818354176	1000.0	1355.790569782257	161.91846990585327	2732.8259725853795	1040.8107197284698	153.06138014793396	2875.914430327547
14744.0	92153.3280003898	1971.2375656271665	20.793242440499554	975.0	0.7022328451860006	0.4296708814625636	-0.0019130010830849642	-0.003956685965749784	-0.004083745209454495	15.84101892113686	0.19048230669771624	16.031501241525017	4.003791570663448	-3.9674858957529064	25730.0	2222.652930243212	2.041991477701231	1000.0	1365.2586007118225	163.2885558605194	2734.3924848070474	1047.5328361988068	154.43720865249634	2882.504447462016
14776.0	92859.25894360853	2032.858377112428	21.719256916043378	1000.0	0.6697693132766007	0.4935859502500048	-0.002060140113826492	-0.006082398846046996	-0.005464769198482559	6.56675203961711	0.18306567934491944	6.749817730919006	1.6819896611475185	-4.078611281610303	25978.0	2207.3448184429335	0.9907011136165238	1000.0	1375.0730004310608	164.73273181915283	2734.7024178204197	1054.4581234455109	155.8821451663971	2889.0090585932585
14808.0	93553.33281904526	2037.4812915518285	21.222470832959516	1000.0	0.6762686549316425	0.4856447321697914	-0.002199390905227648	-0.006404689610550825	-0.005745022916039507	11.774523198604582	0.17306202061233986	11.947585171268827	2.981151275577085	-4.195568486567468	26226.0	2204.544150050174	0.9310442267951657	1000.0	1384.8218007087708	166.1186592578888	2735.9659777558463	1061.395740032196	157.3074014186859	2895.4417856009263
14840.0	94173.40368011229	2050.3074276582192	19.405153098766732	1000.0	0.7201839054021438	0.38855098954359735	0.0006992190826549047	-0.00730005376540395	-0.004754110221657034	4.813083781350045	0.15627203434104892	4.969355825454961	1.2375848475963838	-4.311241780557943	26474.0	2201.350243856791	0.8267357692675432	1000.0	1394.5944492816925	167.51406836509705	2737.0536962943897	1068.3319444656372	158.74843645095825	2901.752856108959
14872.0	94745.76523177495	2052.748507139918	17.790578278952353	1000.0	0.7786554222329902	0.2866852334474611	0.0009868140628133274	-0.00435350816218077	-0.002612647682010222	10.304081081382684	0.12915659248228029	10.433237698770347	2.6056967747788287	-4.430191588017247	26722.0	2232.8021485141244	2.0389316509317723	1000.0	1404.411969423294	168.90782165527344	2738.1502849756307	1075.325291633606	160.17885613441467	2907.8688294898107
14904.0	95464.02483610914	2085.060149771062	23.44788296092156	1000.0	0.6274179061585499	0.5940065939003523	-0.005524609912695709	-0.0037728742519844206	-0.005823021943281241	5.757615800826782	0.19221230944798837	5.949828101742656	1.4816340035007847	-4.534085994766601	26970.0	2244.82585183023	1.9496241267188452	1000.0	1414.209068775177	170.31586861610413	2738.999036264145	1082.2603697776794	161.63283038139343	2913.9832901542227
14936.0	96157.59833585314	2090.5624305285196	21.363104743235453	1000.0	0.6639319522898668	0.5065094016860477	-0.001576547633909109	-0.006877279274997433	-0.005594879048359007	4.956918588569084	0.16221374558705473	5.119132340915742	1.2741882060804683	-4.650922148458422	27218.0	2246.53269956237	1.2919383518383256	1000.0	1424.061722278595	171.7127046585083	2740.012749410078	1089.2617871761322	163.08723044395447	2919.8601576332244
14968.0	96847.44331592723	2102.6902464801337	21.03322250850033	1000.0	0.665683871777705	0.5055918462224459	-0.002491929019602286	-0.004066671556492725	-0.004341373713951356	4.696855731548799	0.14685569838770934	4.843711436756196	1.206586489273657	-4.782058756197654	27466.0	2222.3096072798635	0.5110533942715847	1000.0	1433.8586461544037	173.11992478370667	2740.845691752851	1096.2056081295013	164.53311324119568	2925.811619388987
15000.0	97400.7074301254	2091.973721871302	16.533726509395365	1000.0	0.7977714945180683	0.25351208195412633	0.002029095990715471	-0.0070446646484103245	-0.004006973587039913	3.8395774787472137	0.0992541800463392	3.9388316590939803	0.9807009415761118	-4.91452075204542	27714.0	2231.226698913731	1.0861123634094838	1000.0	1443.6831119060516	174.559814453125	2741.152088750023	1103.1351928710938	165.98810458183289	2931.696240599511
15032.0	98007.80587568112	2104.8614116622753	20.371115487947463	1000.0	0.7000093965731069	0.43509979511789343	-0.0028757877764526776	-0.004663688006105306	-0.005278013466586156	9.529182321602299	0.13343582777006005	9.662618127561379	2.410376520406814	-5.0251898400245185	27962.0	2261.218559474439	1.4479122685770562	1000.0	1453.4716770648956	175.93736720085144	2742.42480535235	1110.120794057846	167.41351580619812	2937.4428311043657
15064.0	98715.85675053418	2129.8952563103157	21.79021407692335	1000.0	0.655301641886843	0.5273206229582652	-0.004054103750311172	-0.004738574305872223	-0.0057619970668327716	4.819540406427072	0.14328797753419592	4.962828383330378	1.2349450999209968	-5.131725897712091	28210.0	2249.70237761554	2.038026115988032	1000.0	1463.20019364357	177.3257019519806	2743.5109216809515	1117.0257289409637	168.8487627506256	2943.2763651926753
15096.0	99357.27423262777	2100.3311421255366	20.173914782142674	1000.0	0.6924379251725359	0.44694862137348024	-0.001401190757244495	-0.0056608679088464165	-0.004841509240395159	8.897477128813346	0.14684700392066474	9.044324145201713	2.256239526454478	-5.237995828351667	28458.0	2256.5227343143297	1.8778351349010336	1000.0	1473.03009724617	178.75028133392334	2744.0236532199156	1123.9923405647278	170.28747534751892	2948.8862864711277
15128.0	99979.38227322459	2141.7588929075837	19.405521802065778	1000.0	0.7160299163713977	0.40293773505614305	0.0006557141516109812	-0.004846248961433548	-0.0030170700498482477	3.6858650013323735	0.12994109193283698	3.8158060994840426	0.9509344526356265	-5.371562286730734	28706.0	2258.7763214378006	2.036592835211195	1000.0	1482.824545621872	180.14219689369202	2745.0259213382315	1130.9532072544098	171.72914147377014	2954.4301446607483
15160.0	100607.92084220926	2126.514177647401	19.335058483685316	989.0	0.7165485594278501	0.39638159681190926	-0.0010704985756778205	-0.004849286987560753	-0.004264742011916884	14.17041354101213	0.11998135798045846	14.29039491493193	3.5683339624131314	-5.4659424531655265	28950.0	2260.750484873457	1.6255753774748882	1000.0	1492.4713101387024	181.51532244682312	2746.297079939571	1137.8264033794403	173.12958431243896	2959.936135485288
15192.0	101205.84966665864	2160.9886624678434	18.835980148083763	1000.0	0.7397784486787446	0.35773171280518384	0.0011370865140634117	-0.006321677998189003	-0.003671724255381911	3.0237301501535594	0.12066458297833321	3.1443947332520628	0.7824269593242674	-5.603405306416169	29198.0	2280.0405937382925	3.577014727223286	1000.0	1502.3411450386047	182.9324517250061	2746.888238044158	1144.837247133255	174.57144618034363	2965.226786686109
15224.0	101868.11323439269	2177.4333063562826	20.44467034113768	1000.0	0.6925979554109074	0.4451235873747682	-0.00031093005447708545	-0.0019279780599097114	-0.0015972098700955558	2.8190432248576998	0.12237541062096441	2.9414186410365573	0.7337574504556196	-5.737199085374027	29446.0	2284.954578254866	4.010830781304776	1000.0	1512.185778617859	184.35164165496826	2747.439596702664	1151.8149719238281	176.0191650390625	2970.5110677616462
15256.0	102521.68423208277	2183.9905114684902	21.01395264405437	1000.0	0.6775176984288218	0.47782863929875424	-0.003492710820960238	-0.0014391516475194702	-0.0033718210345381845	2.789724893146944	0.1275310839616484	2.9172559774691056	0.7259421713890567	-5.861354352966434	29694.0	2290.8024488107367	6.031010816172056	1000.0	1521.957186460495	185.7499485015869	2748.291475276714	1158.7400624752045	177.4671754837036	2975.8452783671296
15288.0	103256.26937649937	2204.382739802727	23.96052646367025	1000.0	0.6073176253343533	0.6547151879097364	-0.00567996978626921	0.0017409104447353688	-0.0023079378836044218	3.0960561806155775	0.14721946171935535	3.243275642395021	0.8085109726075203	-5.971497597232941	29942.0	2298.2963040231098	5.221679095786385	1000.0	1531.8534259796143	187.19147205352783	2748.4959349690835	1165.7295820713043	178.9323718547821	2980.932113306696
15320.0	103968.99098426747	2201.714967164118	21.463821648272642	1000.0	0.6454280098813651	0.5526054495673852	-0.0033104821971304066	0.0029033006719527605	-0.0002816190707436343	2.5827340685552187	0.12397941959000405	2.706713485140954	0.676396753038129	-6.075305652233865	30190.0	2295.544847912784	4.093912047468621	1000.0	1541.6984512805939	188.59539103507996	2749.245340272163	1172.7133181095123	180.3897421360016	2985.9854128678853
15352.0	104592.3335313266	2194.2024578632972	18.09329098581884	1000.0	0.7262458263064847	0.378873462400674	0.0008935684496288059	-0.00289053433187937	-0.0014476897028792833	2.5028488251470744	0.09923620723308092	2.6020850289252504	0.6490735672414304	-6.206148518669992	30438.0	2285.353629811715	3.8064066685437865	1000.0	1551.5246140956879	190.00053524971008	2749.965937271207	1179.678550004959	181.84552884101868	2991.0201833901488
15384.0	105179.54092643583	2201.2291023782063	18.84286751246509	1000.0	0.7144354849702684	0.3998545997046213	0.0006343332748773749	-0.0055318731653143565	-0.003504523179910974	2.681445949500606	0.11545558300830663	2.7969015279123863	0.6957208586315953	-6.322342922610623	30686.0	2290.689870767541	3.5080423955187143	1000.0	1561.3824281692505	191.4258897304535	2750.385544721024	1186.658941745758	183.29759669303894	2995.9680360935495
15416.0	105772.64626561785	2209.7663435505337	19.30464075758573	1000.0	0.7185664024068172	0.4082886804550336	-0.0006697567437039383	0.0035739745991680057	0.0023591666859176146	2.507349148392677	0.10677216559528349	2.6141213048850345	0.6558894916407519	-6.434640607526223	30934.0	2299.4729571568078	8.601125835721177	1000.0	1571.2741463184357	192.8712658882141	2750.513393257182	1193.6625130176544	184.74036741256714	3000.8251279255746
15448.0	106408.36489226964	2216.14845834655	18.462987412609436	1000.0	0.736591160598161	0.36486808403490534	0.0014242748706413792	-0.005957852171230758	-0.0033939425813343574	2.273517174105491	0.10443540031631152	2.37795257328018	0.5910942013705928	-6.558658148011852	31182.0	2312.126346194369	5.744157609848116	1000.0	1581.1012439727783	194.31747388839722	2750.6275648013916	1200.5855238437653	186.19824624061584	3005.764914415151
15480.0	107080.91263953647	2236.049077349593	22.52362618868392	1000.0	0.6337332358408563	0.5780711938595132	-0.006906644450575716	-0.0014778146522134666	-0.005326629724032899	2.2451857424551442	0.12812037663834716	2.373306121556988	0.5879999007428847	-6.660004146637452	31430.0	2324.046716726355	7.120064356451621	1000.0	1590.9408135414124	195.73583388328552	2751.1314066339883	1207.5495581626892	187.65542149543762	3010.558348945421
15512.0	107772.08804349079	2244.031879226728	21.756480717117483	1000.0	0.6447264130084047	0.5557062340169149	-0.0025120175711978643	-0.002801954760094129	-0.0034576767392157427	2.0676693291433397	0.12040345193517783	2.188072780447622	0.5435605193338083	-6.763656200901156	31678.0	2341.713090153496	11.64910888810482	1000.0	1600.8081238269806	197.17862915992737	2751.287004637779	1214.5363008975983	189.09319376945496	3015.287165224417
15544.0	108439.18404932406	2184.7635223185753	18.44469630399726	976.5	0.7438050669780344	0.39012815402112194	-0.008802393233963823	0.0007044498638909615	-0.005545483060835125	11.6477341880401	0.09808594927502176	11.745820143818845	2.9309095464646813	-6.8385855575402585	31918.0	2317.640297889925	5.4438345153976115	1000.0	1610.3418498039246	198.6344485282898	2751.259935268315	1221.2300095558167	190.47739171981812	3020.1789663689196
15576.0	109019.83075413849	2249.0410050448745	19.940188640277484	1000.0	0.6881385751623963	0.45481122725232076	0.0009328935228686249	-0.0038287318227136673	-0.0019474840291596488	1.8683167772908367	0.1112152915147524	1.9795320711789584	0.49293553312459304	-6.928719224468353	32166.0	2330.4380326456408	6.172787529748348	1000.0	1620.089499950409	200.00361561775208	2752.4252414121793	1228.1962604522705	191.88962388038635	3024.8938091646774
15608.0	109722.36493837165	2264.729732252639	22.223134337444208	1000.0	0.629545601225079	0.5885004446835223	-0.002700594627024278	-0.0031114201484606693	-0.0036563990579614476	1.9518710985299073	0.12934903040408124	2.08122012836318	0.5166486331051393	-7.050316226097847	32414.0	2330.810988715093	5.929478617283166	1000.0	1629.812955379486	201.3697874546051	2753.615659076961	1235.116483926773	193.3266839981079	3029.5983047661443
15640.0	110375.48694195838	2259.224028523803	19.91527062809473	1000.0	0.6769544277553894	0.4772078853369015	0.0005266678175934019	-0.0024170217340372707	-0.0012818924204422478	1.7299534971675556	0.09736532976310097	1.8273188269907428	0.4555478138068028	-7.159054056290655	32662.0	2337.2455420620436	6.01192836896189	1000.0	1639.6601815223694	202.818421125412	2753.669991616081	1242.0506196022034	194.79114079475403	3034.1608381395927
15672.0	111047.8313964618	2267.1709866054407	21.866450080364302	1000.0	0.6327606289872557	0.5848744999826962	-0.008584477441540768	4.652687282707038e-05	-0.0055084718945623634	1.881188299386732	0.11484473420967978	1.9960330335363263	0.4934997869835746	-7.277033269405367	32910.0	2339.97120477353	7.136301921413178	1000.0	1649.5001039505005	204.22894716262817	2754.2373782698073	1249.0040209293365	196.26713585853577	3038.6055788730946
15704.0	111792.84271580454	2277.0626476893585	22.918996474851156	1000.0	0.5991106730459865	0.6703178570016457	-0.005764016584444403	0.000963868004375048	-0.0028618682940563453	1.80865991452048	0.11468958205753756	1.9233494939342626	0.47797550537413186	-7.412631167519474	33158.0	2339.953587216819	6.259260609399007	1000.0	1659.323350906372	205.61948561668396	2755.064765875645	1256.0048072338104	197.69905805587769	3042.9918401011346
15736.0	112471.9196223877	2275.933547000926	20.873154536282527	1000.0	0.632874369291869	0.5802372933804502	-0.003054414986000929	0.005283407541297023	0.0014299807475990653	1.5053465784557405	0.10793915928732001	1.6132857400563454	0.4047514158150841	-7.525685285368272	33406.0	2340.2467085013004	6.554747436261096	1000.0	1669.1687686443329	207.00453519821167	2755.954112086181	1263.0030255317688	199.16120791435242	3047.2698607178613
15768.0	113160.923953606	2282.542900737908	23.011015523370588	1000.0	0.5946969426342766	0.702444196240576	-0.010438372708449604	0.008570314151696831	-0.0009655477964657094	1.6163755263532362	0.1091883841661676	1.72556391454512	0.43042543025747404	-7.6243819805883595	33654.0	2332.1324517186426	7.733421217828436	1000.0	1679.068855524063	208.44066953659058	2756.155990465914	1270.0284764766693	200.59970951080322	3051.491221750749
15800.0	113910.93741657138	2285.0356207855816	23.24293265065353	1000.0	0.5754348151424953	0.748419259781403	-0.017732735942944056	0.011760381681303826	-0.0034606475102981647	1.7674753435196409	0.10764654554546844	1.8751218804428667	0.46531982341360656	-7.725512052735978	33902.0	2334.69888124467	6.070763101075499	1000.0	1688.9637775421143	209.8554995059967	2756.6349290906683	1277.073986530304	202.0342915058136	3055.630927845864
15832.0	114614.60431637288	2275.0742446836234	20.385379468281826	1000.0	0.6159992712352291	0.6254375068507844	-0.00888881862920243	0.007385307709374768	-0.0009297603147576785	1.7906212032802638	0.10377459167953462	1.8943957989254303	0.47266919165849675	-7.823553123781755	34150.0	2326.4147328887657	5.950546798794676	1000.0	1698.8247909545898	211.2695677280426	2757.117393972323	1284.0992858409882	203.45593738555908	3059.791615754229
15864.0	115235.70267024061	2280.312185373014	19.384562624149112	1000.0	0.63719346955108	0.5694899002278172	-0.00800222740074405	0.0076611856864239585	-0.00021705642387828463	1.7428949922323231	0.08763949152442711	1.8305344821945306	0.4574165642261501	-7.927726351445723	34398.0	2336.9499981199024	6.613010511828179	1000.0	1708.6228868961334	212.67791032791138	2757.6676820631224	1291.0686302185059	204.8763463497162	3064.0224552343125
15896.0	115931.54715988519	2297.578087715944	22.767408923100447	1000.0	0.5696443682659154	0.7560836181893131	-0.015490601097905798	0.014964972284243198	-0.000271247245061424	1.518687008609695	0.10296030276485034	1.6216473113144596	0.40514058078969684	-8.029606524975062	34646.0	2355.517062275689	8.292654752945964	1000.0	1718.4552154541016	214.05645179748535	2758.5947306958815	1298.0765590667725	206.32220458984375	3068.0755073084647
15928.0	116581.61575771579	2287.2489037569444	18.337568436625588	1000.0	0.6575287899515727	0.5377380306876323	-0.007240493398644654	0.0328234069644579	0.015507600041759828	1.4289058970828203	0.07926862149108797	1.5081745189043785	0.39255122972592255	-8.114471404783183	34894.0	2341.34184750603	5.39536473812268	1000.0	1728.2665870189667	215.43408918380737	2759.521495656983	1305.0629456043243	207.76955223083496	3072.123983752768
15960.0	117104.42931750613	2282.3161277513964	16.613217842399536	1000.0	0.7068675923159811	0.41489973841081296	-0.0010622155138163738	0.0045244652381722615	0.002493279349812574	1.5191853757827516	0.06733560993246014	1.5865209833268206	0.39912352554740443	-8.223275192322271	35142.0	2358.013939131283	8.191231272305231	1000.0	1738.0584590435028	216.84599995613098	2760.000185021068	1312.023095369339	209.18936371803284	3076.2363087713993
15992.0	117729.61739632937	2298.535545654473	20.79176601092331	1000.0	0.6179193166511318	0.6191984214692627	-0.008891897251634227	0.012061633759238317	0.0020566607681092057	1.5070923477891958	0.09180637229714664	1.5988987203567264	0.40178134100091045	-8.331456019032386	35390.0	2336.041358277702	4.1117162024384015	1000.0	1747.8623435497284	218.24357271194458	2760.6540367409643	1318.9692025184631	210.64956831932068	3080.250510667711
16024.0	118279.0248757846	2287.3104909737103	16.169446951331338	1000.0	0.7367865391953634	0.3597723058194234	0.0005233725169091487	-0.001607575156207708	-0.0008455069148748193	1.4692193541315295	0.06279931127304031	1.5320186675075558	0.38215916008958883	-8.44289294365914	35638.0	2356.519053055788	7.058623113342037	1000.0	1757.5679106712341	219.6083152294159	2761.712366703507	1325.861789226532	212.09780621528625	3084.352159874055
16056.0	118871.07804129722	2302.836329236426	18.93130567931803	1000.0	0.6743980128622001	0.48288185644145354	-0.005610112564153817	0.0059879420739654896	0.00026525777767266983	1.2211808737727896	0.07323198912725332	1.294412859264882	0.3238684726097891	-8.537805776442248	35886.0	2360.0224359822687	7.999699011808843	1000.0	1767.4277365207672	221.02372574806213	2762.124282964462	1332.8478915691376	213.5561192035675	3088.202673254663
16088.0	119534.0356241626	2309.336994597989	22.036061728096684	1000.0	0.6117574068744734	0.6452939035258162	-0.008764733144245487	0.007547127962630667	-0.000689719175133196	1.5068328693028417	0.09487140214731618	1.6017042715703291	0.3997363479387373	-8.632917900239262	36134.0	2365.1077213727635	10.158543534183991	1000.0	1777.2861280441284	222.44930624961853	2762.4046591111983	1339.819596529007	215.01722526550293	3092.0344389910406
16120.0	120237.56990060101	2311.1685826852213	20.428373108356027	1000.0	0.63430104570834	0.5847639339257865	-0.006736614216577197	0.01024953965445034	0.002064418197004094	1.358759275847866	0.08157391966350619	1.4403331897431813	0.362147714642267	-8.721919905754834	36382.0	2362.5979563887527	6.876356288793886	1000.0	1787.1813566684723	223.84163737297058	2763.091832505889	1346.8589951992035	216.48072409629822	3095.6860753086385
16152.0	120839.09188552831	2310.6297083300146	19.078775780650176	1000.0	0.6643820055358359	0.5052596878302751	-0.0037214610488116437	0.006566138571924375	0.0018816771592022339	1.5672323708572695	0.06966572209832173	1.6368980943675966	0.4111062025110566	-8.809028948507004	36630.0	2370.7135680846013	7.864730971014069	1000.0	1796.962575674057	225.23437190055847	2763.7655600577386	1353.784984111786	217.94321966171265	3099.5238160796193
16184.0	121467.94776546601	2317.7010686257786	19.61777567685931	1000.0	0.6542710660703099	0.5287271451212652	-0.006049597409136982	0.007049250959337976	0.000654324277440224	1.1911571230138502	0.07409338818322272	1.2652505121884805	0.31696695233545025	-8.902925379814636	36878.0	2374.402694438233	9.53302398793312	1000.0	1806.8097176551819	226.63761401176453	2764.302839719621	1360.7645599842072	219.4075436592102	3103.2119784254537
16216.0	122098.20793587617	2324.747467859035	19.942914312690846	1000.0	0.6485865983800452	0.5419403801660148	-0.005982156855151834	0.008838939881365322	0.001872241417656438	1.0560989925457582	0.06322391006735066	1.1193229022525963	0.28170296694001845	-8.98906918494932	37126.0	2373.779193380094	6.229251770495466	1000.0	1816.6630375385284	228.06020641326904	2764.5989184868004	1367.744824886322	220.85800623893738	3106.8866952125136
16248.0	122683.97569512115	2322.0630944608683	17.867283703808425	1000.0	0.7038564095923532	0.42121127448594875	-0.0001538966867854243	0.0031730214365281117	0.0021481140650960323	1.023006725215143	0.0638593587303354	1.0868660846064162	0.2738646352964063	-9.089987004956894	37374.0	2371.3122708089286	7.961978095874656	1000.0	1826.4647765159607	229.44559025764465	2765.339701179373	1374.7211163043976	222.29806995391846	3110.550607496894
16280.0	123283.25839514159	2323.179758312165	18.93000005280919	1000.0	0.6842443265459588	0.4616229356923751	-0.00033419012611228646	0.002711307605251578	0.0016585715041290128	1.1792340437250752	0.07093313865123253	1.250167180693918	0.31420036729785683	-9.183610335473098	37622.0	2369.869842268977	8.885645624468452	1000.0	1836.2335257530212	230.82828950881958	2766.103762059044	1381.6681787967682	223.73705744743347	3114.234890435787
16312.0	123906.68185106332	2284.5044843304445	19.323371351960304	1000.0	0.6779012638185402	0.4761113306254714	-0.006623483709840766	0.0064177525327390695	-0.0001585716616447095	7.007993315977433	0.07426387896280616	7.082257181646361	1.7704057169537397	-9.264216423034668	37870.0	2359.8644777043382	5.139622164235334	1000.0	1845.983107805252	232.24018716812134	2766.510860305544	1388.568006515503	225.1749141216278	3117.9743289057733
16344.0	124399.44749895725	2311.093749575885	14.692185708323677	1000.0	0.8355411020657445	0.1985413134104912	0.0003403385926503689	0.0001031428691931074	0.00023662923404639904	2.1169256507869707	0.05096989354839729	2.1678955420371024	0.5422105147473268	-9.30857075798896	38118.0	2360.8600337308553	5.058944774900738	1000.0	1855.8349986076355	233.64413356781006	2767.007200770864	1395.582382440567	226.60848259925842	3121.46314538375
16376.0	124870.01914076862	2312.6948008892637	14.363639548451374	1000.0	0.8856780483496007	0.1291676434829282	0.0018951877924747907	0.0024906906860597947	0.003861109914706042	1.4846381263867494	0.05331371284480538	1.5379518393066616	0.38834907048411893	-9.367487988164344	38366.0	2366.337932344113	5.356813319456705	1000.0	1865.6665267944336	235.06465196609497	2767.302504052483	1402.5369532108307	228.06492161750793	3124.986594619511
16408.0	125358.13150436706	2275.5877064150004	15.915804362855852	1000.0	0.8642827638874088	0.15931099782766678	0.0013804943056100229	-0.0024549639896459634	-0.0009329204290021928	4.828242573045916	0.06370030786661851	4.891942888257971	1.2220528051858	-9.428906213852672	38614.0	2377.4426990119127	6.40366331462576	1000.0	1875.4187886714935	236.45240235328674	2767.9777980098934	1409.4837222099304	229.48266410827637	3128.5626372842953
16440.0	125940.16081910145	2326.371913380803	18.9719283842569	1000.0	0.7746427584766817	0.2940013597522165	0.0006534885136305443	0.002903738046898658	0.0026122973531897214	2.7664027576965653	0.07933426094091228	2.845737017691134	0.7140465538588266	-9.487295200747829	38862.0	2395.2518704457125	11.924190023415576	1000.0	1885.2685108184814	237.88518404960632	2768.1211111604316	1416.448254108429	230.93507266044617	3132.0026833826782
16472.0	126654.66623156618	2341.405481289089	22.697565801572637	1000.0	0.6656968348167197	0.503566172013231	-0.0074702648717286605	0.0068683061540322	-0.0003443035673744058	1.4452245963677282	0.08904864642048077	1.5342732396337295	0.3832240069224951	-9.555552048067893	39110.0	2384.640651146285	8.900667117930368	1000.0	1895.1521818637848	239.3135392665863	2768.3139116588195	1423.4792394638062	232.35940313339233	3135.335090294132
16504.0	127317.70317649616	2336.1629738665915	20.611994416078232	1000.0	0.711458909497613	0.4064866480291282	-0.01778293941911655	0.002984750060638743	-0.010319877700451082	1.938894764790612	0.08088577977351598	2.019780539697217	0.4946252564869584	-9.639741213090957	39358.0	2386.567850461137	8.935099792772235	1000.0	1904.929885149002	240.6907320022583	2769.092912118222	1430.4255318641663	233.81362128257751	3138.7369958958116
16536.0	127984.89402999892	2345.548464211276	21.669836750798822	1000.0	0.6889770157073988	0.4678759064847707	-0.0070222018060327	0.010787359423815241	0.0021975747085997603	1.1213603457135544	0.0765619201645735	1.1979222677407724	0.30167814157903183	-9.724841648532497	39606.0	2388.8449069638705	12.756444282793382	1000.0	1914.7161328792572	242.0856511592865	2769.660228886637	1437.402859210968	235.22762250900269	3142.121979384019
16568.0	128736.77749497599	2352.0011817825794	23.102367412444437	1000.0	0.6351362342039395	0.5744660223723868	-0.013937673244659127	0.011666580399070245	-0.0014396377311732653	1.0212656737815962	0.08748369715026308	1.1087493680177192	0.27574770452995456	-9.814124168888217	39854.0	2398.54876507809	12.044918564992258	1000.0	1924.5626049041748	243.4929904937744	2770.079740826237	1444.3799307346344	236.689683675766	3145.383721574503
16600.0	129443.54884972672	2299.381149081282	20.98183424664603	1000.0	0.6762140887710036	0.48930541244206965	-0.011200706709660745	0.014249776274101024	0.0020769220165210616	3.6221301185507913	0.07743708941064059	3.699567221345441	0.9269687284625344	-9.888905467525612	40102.0	2381.9999789269004	7.732586012592947	1000.0	1934.3337986469269	244.90454173088074	2770.446783896644	1451.2817895412445	238.14746737480164	3148.7610257860892
16632.0	130060.5686464724	2345.730838751625	20.27245393154226	1000.0	0.6959222008427466	0.44665508316990477	-0.0028015612964912683	0.00728332522797451	0.0030617004824314013	1.2164593687461258	0.07706573635580075	1.293525105041842	0.3264429763319991	-9.9383462975102	40350.0	2394.8112582640406	10.24067590852519	1000.0	1944.10804104805	246.30480909347534	2770.936558291015	1458.1975071430206	239.60572481155396	3152.078461906936
16664.0	130747.12814913112	2349.1862502961158	20.762556817920995	1000.0	0.6738846964012913	0.4857100720696933	-0.0019364178272465533	0.01308348710036597	0.00731562303836708	1.42781491529557	0.07713054107021419	1.5049454550589287	0.3835519868880508	-10.000972436320394	40598.0	2388.544648035485	8.378667202198358	1000.0	1953.9829216003418	247.7074203491211	2771.394571193902	1465.200463294983	241.0750379562378	3155.1815612731775
16696.0	131361.4795939385	2349.6838977316006	19.446571223365027	1000.0	0.709843335114138	0.41189561884419773	0.00047991546800345015	0.005906317578328229	0.00449222232205977	0.9521586548897524	0.07049351178049561	1.0226521677067206	0.26015526512938153	-10.076342351974978	40846.0	2401.720531087007	13.965203296320396	1000.0	1963.7079811096191	249.05631685256958	2772.4452393983756	1472.125346660614	242.52631759643555	3158.4310171515554
16728.0	132058.52091413486	2359.486067662605	22.56349034048617	1000.0	0.6320912134833259	0.5855669872616153	-0.009810803538716904	0.021216881301839866	0.0075790941534673115	0.8662074109719642	0.0724603418831623	0.9386677516083562	0.2422460318813401	-10.161860839013132	41094.0	2398.410390203865	14.911586660238754	1000.0	1973.428997039795	250.44318675994873	2773.064058898426	1479.029192686081	243.95661759376526	3161.7259802709596
16760.0	132819.2911514489	2357.309063578697	24.170908717656857	1000.0	0.5881866877283018	0.7036786052807901	-0.05029727924463054	0.017338270353408722	-0.018480012903478574	1.2764882789023462	0.07847610978229393	1.3549643913584364	0.32026108594671365	-10.230134175669766	41342.0	2380.9112452347645	8.257892291699136	1000.0	1983.241652727127	251.82915949821472	2773.685944041567	1486.0215907096863	245.39090251922607	3164.8200653681743
16792.0	133490.95158593258	2356.259086050552	19.69170823585955	1000.0	0.6715715885383404	0.48961246696707045	-0.0025228225079650473	0.008610087601775899	0.004106635323298675	0.8899074178789893	0.06411237881008174	0.9540197967040921	0.24261158455403578	-10.291473584790397	41590.0	2404.7368068412084	13.795680388096116	1000.0	1993.0922212600708	253.22076272964478	2774.2393334073877	1493.0476126670837	246.82384586334229	3167.8254005358267
16824.0	134209.54886329354	2361.7655947533813	22.798391980701126	1000.0	0.5996149298730182	0.6695083033844519	-0.03472029346472308	0.01946367878342918	-0.008850512477934449	1.5325556371000502	0.0774724162333915	1.6100280587711635	0.3936565030786779	-10.366831675652538	41838.0	2384.293007879292	8.734516483789093	1000.0	2002.8481938838959	254.62860679626465	2774.6096909106764	1499.9591403007507	248.2604467868805	3171.0026823547546
16856.0	134794.87037124415	2351.2095888250196	17.26538354546574	1000.0	0.726883137669019	0.37577085285724643	-0.008654340082601616	0.005734835960714505	-0.0021538660413230955	0.9660592874692334	0.04992569834294339	1.0159849868186062	0.25184237999060466	-10.439813106290755	42086.0	2394.3316782084253	9.557425321276241	1000.0	2012.5727496147156	256.002272605896	2775.346455981565	1506.8914182186127	249.6790587902069	3174.1447741364977
